
12
Lattice="5.402197893981154 0.0 0.0 0.0 5.402197893981154 0.0 0.0 0.0 5.402197893981156" Properties=species:S:1:pos:R:3:forces:R:3 energy=-146.33200325869984 pbc="T T T"
Pu 5.3685849939811705 0.04248090000000991 0.0023169099999897276 0.5135225979093555 -1.1904902281164298 -0.14062643163879868
Pu 2.7406300000000043 2.6506999999999947 5.382962093981141 -0.8739873532893571 0.9100311419256335 0.22673608450757102
Pu 2.676159999999995 0.0027810000000129064 2.7316299999999996 -0.10842029429454789 -0.6180512900464282 -0.6243624554758157
Pu 0.008641659999983396 2.7019900000000097 2.685270000000016 0.13924978946877378 0.40590513594530886 -0.18482053151983352
O 1.2971499999999831 1.380300000000001 1.2779699999999983 0.03811840013969453 -0.05728355412479635 0.5281072583307349
O 3.969489999999992 1.2756700000000045 1.3028699999999889 0.30048060628589396 0.3173699291001678 0.2234890485323832
O 1.4710700000000052 4.070020000000017 1.3998500000000018 -0.385095063044675 -0.15819389541762546 -0.317658857877804
O 4.154919999999993 4.000149999999997 1.3176900000000027 -0.1720348913812105 0.00987530028472649 0.12271334347910892
O 1.3890700000000031 1.336409999999981 4.033410000000005 0.038897547309431936 0.16417170027250194 -0.0972894193613528
O 4.12544 1.3330099999999927 3.9877399999999925 -0.33712099902950887 0.03580959383044741 0.2796717360342056
O 1.2231799999999915 4.049829999999989 4.07050000000001 0.32425328550488874 -0.04994868086521426 0.08113550594730023
O 3.9229799999999844 4.014339999999995 4.038719999999986 0.5221363744212608 0.2308048472117081 -0.09709528095769913

12
Lattice="5.393490126609097 0.0 0.0 0.0 5.393490126609097 0.0 0.0 0.0 5.393490126609098" Properties=species:S:1:pos:R:3:forces:R:3 energy=-146.4297577613379 pbc="T T T"
Pu 5.3827251266090785 5.368087726609085 5.3811360266091075 0.373452646620265 0.8948112757799994 0.2699310117864636
Pu 2.678760000000006 2.746450000000009 0.018251700000011094 0.24290566930296356 -1.001500333259151 -0.12153105627498036
Pu 2.7248300000000096 5.379531626609081 2.6607000000000034 -0.23327171032029057 0.6523380636378694 0.8173829098646586
Pu 0.0005199210000189659 2.6874400000000054 2.7189899999999985 0.27529369271820975 -0.41243808158504314 0.04137223849442484
O 1.3423799999999884 1.2741599999999997 1.4139699999999884 0.07371648367382994 0.4888934115470946 -0.38191481522235216
O 4.071890000000017 1.373480000000014 1.3821800000000182 -0.24269173413285478 0.11679855532457578 -0.21932447182291256
O 1.3449700000000158 4.0170100000000035 1.3972300000000144 -0.12135326531890414 -0.16486203247373188 -0.20080741758581538
O 4.020829999999982 4.089520000000019 1.3131199999999938 0.1737160082397949 -0.3056934225611382 0.03307925168615486
O 1.3469500000000014 1.4357800000000114 4.1041700000000025 -0.061513401940103754 -0.2571809523244061 -0.17534055956373493
O 4.0411600000000165 1.3115200000000167 4.0733000000000095 -0.06153145896125054 0.21330947395410282 -0.05895802833406026
O 1.3902599999999972 4.115259999999988 4.094060000000007 -0.006968542812906537 -0.167648860642625 -0.20908557789842355
O 4.104329999999999 4.0279199999999875 4.003059999999987 -0.4117543870687528 -0.05682709739754663 0.2051965148705772

12
Lattice="5.411083031637552 0.0 0.0 0.0 5.411083031637552 0.0 0.0 0.0 5.411083031637552" Properties=species:S:1:pos:R:3:forces:R:3 energy=-146.43440626226766 pbc="T T T"
Pu 0.003215289999985713 0.007739020000017727 5.400913331637539 -0.41952472486298303 -0.355095514282298 0.11576488901770352
Pu 2.6927300000000014 2.6658899999999854 5.395195531637564 0.21132199668460827 0.1508749699659689 0.21408628102540933
Pu 2.6851100000000026 5.395342431637549 2.746180000000005 0.2963242790482903 -0.15041822931421073 -0.6910797644823995
Pu 0.004127000000018012 2.7359999999999847 2.6634699999999896 -0.30145042893063084 -0.5308398318816272 0.40798564857313946
O 1.2752899999999816 1.3316999999999979 1.380740000000015 0.1867672135589409 0.24388051328349536 -0.4184334416952513
O 3.949390000000006 1.232759999999992 1.3056499999999984 0.42307220105669113 0.4867125665886575 -0.12433789065753031
O 1.3597200000000174 4.0690800000000005 1.3292499999999885 0.09711139524100264 -0.11550988452229642 -0.008440041186600002
O 4.083930000000011 3.9775300000000033 1.3742800000000104 -0.26397021694116823 0.10362309387511344 -0.2578950209326911
O 1.3438499999999998 1.2949299999999995 4.024479999999984 0.06258537596947358 0.2107941903664439 0.4742262598700355
O 4.068889999999991 1.3969299999999873 3.997880000000001 -0.0919550516962873 -0.09442181468229714 0.28902030852418326
O 1.378079999999986 3.9918500000000017 4.048109999999988 -0.2635218707899984 0.15216449405731866 0.016535687573945888
O 4.05978 4.091339999999991 4.082760000000013 0.06323983166206094 -0.10176455345426821 -0.017432915629944604

12
Lattice="5.39620895538798 0.0 0.0 0.0 5.39620895538798 0.0 0.0 0.0 5.39620895538798" Properties=species:S:1:pos:R:3:forces:R:3 energy=-146.43544299058522 pbc="T T T"
Pu 5.378497155387966 0.010221400000010167 0.010999000000010596 0.18401198550548448 -0.5113279110543161 -0.06811784957795256
Pu 2.7059200000000057 2.7085500000000104 5.377259355387984 -0.31827362684692234 0.27044393879370593 0.2794219167236957
Pu 2.699469999999993 0.021427299999986344 2.670410000000008 -0.22356096072470708 -0.6660254402288999 0.2638403022122244
Pu 0.013557999999992243 2.6515200000000116 2.7316799999999812 -0.1797211512965942 1.0407005570473162 -0.5128577830571208
O 1.3094699999999975 1.3367100000000105 1.3374699999999895 0.2947870683834162 0.05642891352708502 -0.03537451064410533
O 4.030829999999982 1.3409200000000068 1.4290200000000064 0.10942379435103888 0.09321518755777738 -0.6593529055162783
O 1.2847300000000186 4.040409999999999 1.3746499999999906 0.17588987036100806 -0.01471959325457983 -0.13488484227776862
O 3.9846299999999975 4.032640000000013 1.278229999999991 0.24134713091889845 0.22643166091660286 0.45369998190552235
O 1.341789999999996 1.4120300000000146 4.036350000000009 0.05431743975220816 -0.2658140919033201 0.12555209323327393
O 4.034189999999987 1.341280000000017 4.060200000000001 0.03984797244133378 -0.1730522120736699 0.3041278445872196
O 1.4276000000000024 4.133230000000012 4.060680000000001 -0.427331982321552 -0.33909627486292326 0.14682477001286548
O 4.08773999999999 4.008919999999993 4.032560000000019 0.04926245947638763 0.2828152655352218 -0.16287901760157583

12
Lattice="5.405415310074948 0.0 0.0 0.0 5.405415310074948 0.0 0.0 0.0 5.405415310074948" Properties=species:S:1:pos:R:3:forces:R:3 energy=-146.47005517971047 pbc="T T T"
Pu 0.015509700000004553 5.360488510074944 5.3920406100749325 -0.24890022092786565 1.2019172638449318 0.11800178098175931
Pu 2.6917799999999863 2.715650000000005 0.004861610000006471 0.00198862647082249 -0.6975204246177614 -0.15142440652414432
Pu 2.7091699999999914 5.391891610074932 2.717530000000017 -0.24465439590225527 0.8598238350066695 -0.389967270154698
Pu 5.375373510074957 2.7219800000000047 2.6800600000000117 0.357016183898411 -0.7315218811610629 0.11024744952398081
O 1.3062599999999962 1.3665099999999812 1.3300399999999915 0.23388859488268005 -0.19269851024540963 -0.1194664704735691
O 4.032590000000018 1.344369999999999 1.3528299999999953 -0.06674320984486372 -0.2192422930003318 0.1650489270464243
O 1.3598799999999922 4.057949999999997 1.3748299999999878 -0.05275313566116546 0.0903763638108468 0.15798507550329544
O 4.050200000000013 4.022380000000013 1.305960000000007 0.0655839750428961 0.28878358108561514 0.038929619884131336
O 1.374719999999993 1.3571600000000026 3.992949999999997 -0.08826599051070204 -0.1752820795554178 0.31672352494131784
O 4.0745499999999915 1.4132799999999988 4.083359999999981 -0.04149581444753363 -0.4211791738371338 -0.15304914602273756
O 1.3383099999999932 4.046729999999992 4.121480000000008 0.09317449902055591 0.03612715919928497 -0.4970431599468093
O 4.050070000000009 4.088630000000014 3.9846299999999903 -0.008839112020979804 -0.03958384053023086 0.4040140752410494

12
Lattice="5.403790407995966 0.0 0.0 0.0 5.403790407995966 0.0 0.0 0.0 5.403790407995967" Properties=species:S:1:pos:R:3:forces:R:3 energy=-146.33125316361475 pbc="T T T"
Pu 0.005887270000013265 0.0317693999999833 0.01262829999999766 0.10786581999754505 -0.7972555986672978 0.040371571161054005
Pu 2.719619999999993 2.6481199999999894 5.374701107995951 -0.2526146500338536 0.9578085088091061 0.4944959357729497
Pu 2.681519999999996 5.394560297995979 2.7207400000000166 0.01964588217266605 -0.22821800081928334 0.09020260901297251
Pu 5.3818311079959535 2.715840000000019 2.6786099999999893 0.29664980662414664 0.1111382532231626 0.5457229848115801
O 1.2842300000000089 1.4376800000000036 1.3663700000000052 0.06749708515069969 -0.22388041093643887 -0.060094127259675924
O 3.935630000000012 1.2504099999999838 1.3752300000000168 0.6543964379487742 0.6604353141843603 -0.26348981240705704
O 1.4561700000000095 4.1632500000000014 1.3226399999999994 -0.32646249972072544 -0.6229347630664106 -0.1632436307324639
O 4.1594499999999845 3.9956799999999926 1.3487900000000137 -0.4173694850591194 0.022082037201924844 -0.1675523105352934
O 1.345730000000011 1.40514 4.096210000000011 0.18340440081661916 -0.3119792455556994 -0.3715505879616785
O 4.090689999999988 1.2711099999999915 4.080679999999985 -0.2891133194764676 0.5692317993503893 -0.24548980926086805
O 1.329909999999996 4.0845699999999825 4.019120000000008 -0.09770238381867995 -0.16094277822700326 0.15579540219940669
O 4.030000000000015 4.00232 4.056159999999995 0.053802905398395016 0.024514884503190212 -0.05516822480092631

12
Lattice="5.406031193262289 0.0 0.0 0.0 5.406031193262289 0.0 0.0 0.0 5.40603119326229" Properties=species:S:1:pos:R:3:forces:R:3 energy=-146.24339531552505 pbc="T T T"
Pu 5.387814693262276 5.358977193262281 5.389747593262299 0.22928968097790767 1.0636419443189626 -0.04887617136897102
Pu 2.6700599999999883 2.7796199999999938 0.0346560999999995 0.3658134663609762 -1.3385163582871247 -0.6713103234748339
Pu 2.72633000000001 5.400334633262277 2.621849999999984 -0.4732574972629348 0.8785991573114947 1.750810872846901
Pu 0.007826089999990073 2.6545000000000063 2.736309999999993 -0.1615035092677266 0.02580758394605269 0.10602404413891969
O 1.4455999999999884 1.3597399999999837 1.3415700000000155 -0.4845885224879006 -0.01180015843114426 -0.21103495956537638
O 4.150099999999997 1.3779099999999906 1.289430000000014 -0.29119731518621444 -0.0422326402571439 0.20145596939070592
O 1.359059999999988 4.058480000000017 1.3884600000000102 -0.5336419338208908 -0.03207828724310755 -0.3497980453633211
O 4.009229999999989 4.088250000000014 1.4678099999999898 0.7185902866069693 -0.5254266082648333 -0.9535757310235761
O 1.3141600000000135 1.3429399999999931 4.018219999999993 -0.25479101604159066 -0.004104094461231276 0.35619395830726525
O 3.9478799999999885 1.346359999999983 4.029189999999993 0.6288652435148538 -0.0855987823808931 -0.03484359550034473
O 1.2975300000000123 4.059970000000017 4.064129999999995 0.43943962642627304 -0.08857216776925177 0.024688151140189532
O 4.060050000000018 4.020579999999987 4.129079999999998 -0.18301850981972248 0.16028041151821962 -0.169734169527558

12
Lattice="5.410711566806412 0.0 0.0 0.0 5.410711566806412 0.0 0.0 0.0 5.410711566806413" Properties=species:S:1:pos:R:3:forces:R:3 energy=-146.2213833558253 pbc="T T T"
Pu 5.402642626806404 0.044805999999986135 5.395049066806424 0.09193628055372902 -0.8247961277640428 -0.3940207659908674
Pu 2.698919999999985 2.652949999999991 0.02207679999998782 -0.31936566480155687 0.7119182417655384 -0.9560964556583053
Pu 2.7242500000000125 5.357806266806416 2.753290000000002 -0.45120541076919707 0.02543762238627297 -0.6136522658248065
Pu 5.375648266806427 2.741039999999982 2.6404200000000158 0.5840031929782479 -0.4887147512420264 0.4882704978608602
O 1.2161400000000038 1.4106700000000025 1.2205799999999838 0.2695982395210175 0.09376056313918807 0.8725486948008964
O 3.891199999999996 1.3317100000000135 1.3751999999999975 0.7019818066561724 -0.19181231849792768 -0.05996656894308572
O 1.374490000000011 4.111669999999999 1.255330000000006 0.18051637454875774 -0.08694563263233296 0.4518189601195657
O 4.100900000000012 4.018510000000019 1.3476599999999965 -0.3941569703638986 0.26743822350271546 -0.007346336905062883
O 1.4104799999999809 1.2375900000000044 4.007320000000001 0.02944830844235895 0.21911049373734512 -0.00899260698763746
O 4.150339999999998 1.3911299999999858 4.050840000000014 -0.5265701841749926 -0.035006345193158525 0.06516316152387261
O 1.359849999999994 3.9163899999999874 3.968659999999999 0.2012487054499823 0.4789411823312351 0.2481129745751583
O 4.0997000000000146 4.096120000000015 4.071209999999983 -0.36743467804062074 -0.1693311515328068 -0.0858392885705879

12
Lattice="5.442490573661881 0.0 0.0 0.0 5.442490573661881 0.0 0.0 0.0 5.442490573661882" Properties=species:S:1:pos:R:3:forces:R:3 energy=-146.26976360894696 pbc="T T T"
Pu 5.427617873661867 5.416558773661891 5.38588917366188 -0.5211931423964888 -0.10429986367441417 0.9842523881990709
Pu 2.687789999999998 2.6979400000000013 5.399036473661882 0.30759519277243874 0.3125678218920083 0.7219287938875105
Pu 2.688340000000007 5.434610653661892 2.716929999999996 0.3067794529268594 -0.2230964520949641 -0.9691113344696213
Pu 5.440622953661879 2.6803499999999936 2.7353300000000145 -0.7394634052497507 0.42648138103594796 -1.0290346796777963
O 1.3753399999999902 1.3225800000000076 1.280749999999996 -0.08014061521606734 0.055031890107634755 0.050984667301253964
O 4.096100000000005 1.3251499999999845 1.4519699999999969 -0.06792365752865803 -0.01986047218565064 -0.691209409222843
O 1.1738900000000143 4.052519999999991 1.3526599999999982 0.8003682703122076 -0.02612760740234523 -0.23739809025422906
O 3.957470000000001 4.0326700000000155 1.3112700000000166 0.008152060456843076 0.1750112012352637 -0.15934709387537047
O 1.406499999999995 1.421870000000003 3.9993999999999907 -0.1798507412261348 -0.30369569489481096 0.3214013411555573
O 4.126659999999994 1.3061699999999914 4.095939999999981 -0.32947213900908323 0.2719170005722817 0.2982606449352926
O 1.310020000000014 4.138830000000004 4.0403999999999884 0.014317654222187691 -0.31456519106462244 0.34311168210031123
O 3.98742000000001 4.060840000000017 4.010529999999993 0.48083106993564667 -0.24936401352632892 0.36616108992086366

12
Lattice="5.409082638986048 0.0 0.0 0.0 5.409082638986048 0.0 0.0 0.0 5.409082638986048" Properties=species:S:1:pos:R:3:forces:R:3 energy=-146.3812942769 pbc="T T T"
Pu 5.395149138986031 5.373956438986063 0.03188380000001285 0.11718659175677137 0.3212533433713275 -1.015800436042601
Pu 2.703229999999983 2.724480000000003 5.388747238986035 -0.166581100461736 -0.3003482765953763 -0.29979937833591797
Pu 2.6927099999999835 0.01909129999999497 2.6645000000000136 -0.07953007203011286 -0.1948665986632911 0.45135531011751767
Pu 0.004013330000010106 2.6707400000000017 2.7177399999999943 -0.11238996928897875 0.34100096676229646 -0.053677580299176575
O 1.3850999999999953 1.434780000000003 1.3553199999999832 0.07423454155630616 -0.5984721160446139 0.199415672924757
O 4.144670000000016 1.327120000000011 1.2674700000000105 -0.610868458290111 0.2616092252838234 0.4865262461287333
O 1.308159999999995 4.082099999999987 1.2861900000000135 -0.09375890918273788 0.012687564514394038 0.5220757964496282
O 3.948679999999987 4.048779999999997 1.3443499999999884 0.6733547415050138 -0.029558239146429386 0.32665165827270237
O 1.3677500000000113 1.3308400000000178 4.081499999999994 -0.4972413774803486 0.1445477977821453 -0.21450836569567647
O 3.9951300000000107 1.3422700000000052 3.9804200000000143 0.48784783787245123 -0.15141742675360226 0.0911906013111856
O 1.3166000000000113 4.076619999999989 4.022889999999985 0.3404167039818806 -0.23617773048817334 -0.19310320797616148
O 4.070679999999998 3.998389999999987 4.080209999999992 -0.13267052993839792 0.42974148997749956 -0.3003263168549904

12
Lattice="5.402197893981154 0.0 0.0 0.0 5.402197893981154 0.0 0.0 0.0 5.402197893981156" Properties=species:S:1:pos:R:3:forces:R:3 energy=-146.3320032596057 pbc="T T T"
Pu 5.3685849939811705 0.04248090000000991 0.0023169099999897276 0.5135225700682289 -1.190490216848015 -0.1406264240883827
Pu 2.7406300000000043 2.6506999999999947 5.382962093981141 -0.8739873436720034 0.9100311756582677 0.226736071993832
Pu 2.676159999999995 0.0027810000000129064 2.7316299999999996 -0.10842031540754192 -0.6180513202863972 -0.6243624522071083
Pu 0.008641659999983396 2.7019900000000097 2.685270000000016 0.13924981245195017 0.4059051502455825 -0.18482053836819531
O 1.2971499999999831 1.380300000000001 1.2779699999999983 0.03811840248690657 -0.057283555909706074 0.5281072585182035
O 3.969489999999992 1.2756700000000045 1.3028699999999889 0.30048060658897313 0.31736992386038243 0.22348905025384394
O 1.4710700000000052 4.070020000000017 1.3998500000000018 -0.385095059945051 -0.15819390027511515 -0.31765885564392865
O 4.154919999999993 4.000149999999997 1.3176900000000027 -0.172034886739484 0.009875297800407083 0.12271334205133744
O 1.3890700000000031 1.336409999999981 4.033410000000005 0.038897548579866284 0.16417169425588649 -0.09728941640892566
O 4.12544 1.3330099999999927 3.9877399999999925 -0.3371209948943653 0.0358095901494853 0.2796717372960709
O 1.2231799999999915 4.049829999999989 4.07050000000001 0.3242532897383269 -0.04994868113408329 0.08113550568215974
O 3.9229799999999844 4.014339999999995 4.038719999999986 0.5221363707441936 0.23080484248330507 -0.097095279078907


12
Lattice="5.402197893981154 0.0 0.0 0.0 5.402197893981154 0.0 0.0 0.0 5.402197893981156" Properties=species:S:1:pos:R:3:forces:R:3 energy=-146.3320032596057 pbc="T T T"
Pu 5.3685849939811705 0.04248090000000991 0.0023169099999897276 0.5135225700682289 -1.190490216848015 -0.1406264240883827
Pu 2.7406300000000043 2.6506999999999947 5.382962093981141 -0.8739873436720034 0.9100311756582677 0.226736071993832
Pu 2.676159999999995 0.0027810000000129064 2.7316299999999996 -0.10842031540754192 -0.6180513202863972 -0.6243624522071083
Pu 0.008641659999983396 2.7019900000000097 2.685270000000016 0.13924981245195017 0.4059051502455825 -0.18482053836819531
O 1.2971499999999831 1.380300000000001 1.2779699999999983 0.03811840248690657 -0.057283555909706074 0.5281072585182035
O 3.969489999999992 1.2756700000000045 1.3028699999999889 0.30048060658897313 0.31736992386038243 0.22348905025384394
O 1.4710700000000052 4.070020000000017 1.3998500000000018 -0.385095059945051 -0.15819390027511515 -0.31765885564392865
O 4.154919999999993 4.000149999999997 1.3176900000000027 -0.172034886739484 0.009875297800407083 0.12271334205133744
O 1.3890700000000031 1.336409999999981 4.033410000000005 0.038897548579866284 0.16417169425588649 -0.09728941640892566
O 4.12544 1.3330099999999927 3.9877399999999925 -0.3371209948943653 0.0358095901494853 0.2796717372960709
O 1.2231799999999915 4.049829999999989 4.07050000000001 0.3242532897383269 -0.04994868113408329 0.08113550568215974
O 3.9229799999999844 4.014339999999995 4.038719999999986 0.5221363707441936 0.23080484248330507 -0.097095279078907

12
Lattice="5.411083031637552 0.0 0.0 0.0 5.411083031637552 0.0 0.0 0.0 5.411083031637552" Properties=species:S:1:pos:R:3:forces:R:3 energy=-146.43440626223492 pbc="T T T"
Pu 0.003215289999985713 0.007739020000017727 5.400913331637539 -0.41952471337272207 -0.3550955272494129 0.11576488342321728
Pu 2.6927300000000014 2.6658899999999854 5.395195531637564 0.21132199504780813 0.15087496861689995 0.21408627222216248
Pu 2.6851100000000026 5.395342431637549 2.746180000000005 0.2963242865026199 -0.15041822858846635 -0.6910797644749951
Pu 0.004127000000018012 2.7359999999999847 2.6634699999999896 -0.30145043608427946 -0.5308398309829567 0.4079856537168548
O 1.2752899999999816 1.3316999999999979 1.380740000000015 0.1867672124830031 0.24388051478567987 -0.4184334399002676
O 3.949390000000006 1.232759999999992 1.3056499999999984 0.4230721989142645 0.48671256860714435 -0.12433788959721324
O 1.3597200000000174 4.0690800000000005 1.3292499999999885 0.09711139420546412 -0.11550988306045822 -0.008440040112031314
O 4.083930000000011 3.9775300000000033 1.3742800000000104 -0.26397021850385977 0.10362309510065784 -0.2578950203640643
O 1.3438499999999998 1.2949299999999995 4.024479999999984 0.06258537460164014 0.21079419163858715 0.47422626084541686
O 4.068889999999991 1.3969299999999873 3.997880000000001 -0.09195505254790212 -0.09442181287536 0.28902030899666564
O 1.378079999999986 3.9918500000000017 4.048109999999988 -0.26352187124191095 0.15216449570066384 0.016535689108019874
O 4.05978 4.091339999999991 4.082760000000013 0.06323982999587456 -0.10176455169297884 -0.017432913863765317

12
Lattice="5.405415310074948 0.0 0.0 0.0 5.405415310074948 0.0 0.0 0.0 5.405415310074948" Properties=species:S:1:pos:R:3:forces:R:3 energy=-146.4700551796377 pbc="T T T"
Pu 0.015509700000004553 5.360488510074944 5.3920406100749325 -0.24890022667983397 1.2019172554408513 0.11800177845339421
Pu 2.6917799999999863 2.715650000000005 0.004861610000006471 0.0019886357944127434 -0.6975204193718033 -0.15142440981727703
Pu 2.7091699999999914 5.391891610074932 2.717530000000017 -0.24465439654403498 0.8598238344979587 -0.38996726915948443
Pu 5.375373510074957 2.7219800000000047 2.6800600000000117 0.3570161824917196 -0.7315218857923719 0.11024744581966728
O 1.3062599999999962 1.3665099999999812 1.3300399999999915 0.23388859471313145 -0.19269850919133694 -0.11946646882755348
O 4.032590000000018 1.344369999999999 1.3528299999999953 -0.0667432102439256 -0.2192422921717262 0.16504892883569938
O 1.3598799999999922 4.057949999999997 1.3748299999999878 -0.052753135410507225 0.09037636539295942 0.15798507623289287
O 4.050200000000013 4.022380000000013 1.305960000000007 0.06558397445339145 0.28878358205252375 0.038929621082034335
O 1.374719999999993 1.3571600000000026 3.992949999999997 -0.08826599089330463 -0.1752820784209181 0.3167235261361327
O 4.0745499999999915 1.4132799999999988 4.083359999999981 -0.04149581418489458 -0.421179173122782 -0.15304914530270872
O 1.3383099999999932 4.046729999999992 4.121480000000008 0.09317449862675396 0.036127160399209636 -0.4970431593455051
O 4.050070000000009 4.088630000000014 3.9846299999999903 -0.008839112122908322 -0.03958383971256408 0.40401407589270805

12
Lattice="5.406031193262289 0.0 0.0 0.0 5.406031193262289 0.0 0.0 0.0 5.40603119326229" Properties=species:S:1:pos:R:3:forces:R:3 energy=-146.24339531547957 pbc="T T T"
Pu 5.387814693262276 5.358977193262281 5.389747593262299 0.2292897014443463 1.0636419396193821 -0.048876182451921234
Pu 2.6700599999999883 2.7796199999999938 0.0346560999999995 0.3658134605895029 -1.338516371073053 -0.6713103201634376
Pu 2.72633000000001 5.400334633262277 2.621849999999984 -0.47325749991370075 0.8785991586892211 1.7508108721402353
Pu 0.007826089999990073 2.6545000000000063 2.736309999999993 -0.16150351138226035 0.02580758414005646 0.10602405233716046
O 1.4455999999999884 1.3597399999999837 1.3415700000000155 -0.4845885242015759 -0.01180015497357402 -0.21103495824572976
O 4.150099999999997 1.3779099999999906 1.289430000000014 -0.29119731629432866 -0.04223263865293463 0.2014559689819814
O 1.359059999999988 4.058480000000017 1.3884600000000102 -0.5336419354164343 -0.03207828641218409 -0.34979804636083256
O 4.009229999999989 4.088250000000014 1.4678099999999898 0.7185902849949505 -0.5254266062878498 -0.9535757309118358
O 1.3141600000000135 1.3429399999999931 4.018219999999993 -0.25479101662729303 -0.004104092347322023 0.35619395911890406
O 3.9478799999999885 1.346359999999983 4.029189999999993 0.628865242612535 -0.08559877967654153 -0.034843594838322785
O 1.2975300000000123 4.059970000000017 4.064129999999995 0.43943962586545343 -0.08857216534102046 0.02468815110166886
O 4.060050000000018 4.020579999999987 4.129079999999998 -0.18301851167119484 0.1602804123158198 -0.16973417070787034

12
Lattice="5.402197893981154 0.0 0.0 0.0 5.402197893981154 0.0 0.0 0.0 5.402197893981156" Properties=species:S:1:pos:R:3:forces:R:3 energy=-146.3320032596057 pbc="T T T"
Pu 5.3685849939811705 0.04248090000000991 0.0023169099999897276 0.5135225700682289 -1.190490216848015 -0.1406264240883827
Pu 2.7406300000000043 2.6506999999999947 5.382962093981141 -0.8739873436720034 0.9100311756582677 0.226736071993832
Pu 2.676159999999995 0.0027810000000129064 2.7316299999999996 -0.10842031540754192 -0.6180513202863972 -0.6243624522071083
Pu 0.008641659999983396 2.7019900000000097 2.685270000000016 0.13924981245195017 0.4059051502455825 -0.18482053836819531
O 1.2971499999999831 1.380300000000001 1.2779699999999983 0.03811840248690657 -0.057283555909706074 0.5281072585182035
O 3.969489999999992 1.2756700000000045 1.3028699999999889 0.30048060658897313 0.31736992386038243 0.22348905025384394
O 1.4710700000000052 4.070020000000017 1.3998500000000018 -0.385095059945051 -0.15819390027511515 -0.31765885564392865
O 4.154919999999993 4.000149999999997 1.3176900000000027 -0.172034886739484 0.009875297800407083 0.12271334205133744
O 1.3890700000000031 1.336409999999981 4.033410000000005 0.038897548579866284 0.16417169425588649 -0.09728941640892566
O 4.12544 1.3330099999999927 3.9877399999999925 -0.3371209948943653 0.0358095901494853 0.2796717372960709
O 1.2231799999999915 4.049829999999989 4.07050000000001 0.3242532897383269 -0.04994868113408329 0.08113550568215974
O 3.9229799999999844 4.014339999999995 4.038719999999986 0.5221363707441936 0.23080484248330507 -0.097095279078907

12
Lattice="5.411083031637552 0.0 0.0 0.0 5.411083031637552 0.0 0.0 0.0 5.411083031637552" Properties=species:S:1:pos:R:3:forces:R:3 energy=-146.43440626223492 pbc="T T T"
Pu 0.003215289999985713 0.007739020000017727 5.400913331637539 -0.41952471337272207 -0.3550955272494129 0.11576488342321728
Pu 2.6927300000000014 2.6658899999999854 5.395195531637564 0.21132199504780813 0.15087496861689995 0.21408627222216248
Pu 2.6851100000000026 5.395342431637549 2.746180000000005 0.2963242865026199 -0.15041822858846635 -0.6910797644749951
Pu 0.004127000000018012 2.7359999999999847 2.6634699999999896 -0.30145043608427946 -0.5308398309829567 0.4079856537168548
O 1.2752899999999816 1.3316999999999979 1.380740000000015 0.1867672124830031 0.24388051478567987 -0.4184334399002676
O 3.949390000000006 1.232759999999992 1.3056499999999984 0.4230721989142645 0.48671256860714435 -0.12433788959721324
O 1.3597200000000174 4.0690800000000005 1.3292499999999885 0.09711139420546412 -0.11550988306045822 -0.008440040112031314
O 4.083930000000011 3.9775300000000033 1.3742800000000104 -0.26397021850385977 0.10362309510065784 -0.2578950203640643
O 1.3438499999999998 1.2949299999999995 4.024479999999984 0.06258537460164014 0.21079419163858715 0.47422626084541686
O 4.068889999999991 1.3969299999999873 3.997880000000001 -0.09195505254790212 -0.09442181287536 0.28902030899666564
O 1.378079999999986 3.9918500000000017 4.048109999999988 -0.26352187124191095 0.15216449570066384 0.016535689108019874
O 4.05978 4.091339999999991 4.082760000000013 0.06323982999587456 -0.10176455169297884 -0.017432913863765317

12
Lattice="5.405415310074948 0.0 0.0 0.0 5.405415310074948 0.0 0.0 0.0 5.405415310074948" Properties=species:S:1:pos:R:3:forces:R:3 energy=-146.4700551796377 pbc="T T T"
Pu 0.015509700000004553 5.360488510074944 5.3920406100749325 -0.24890022667983397 1.2019172554408513 0.11800177845339421
Pu 2.6917799999999863 2.715650000000005 0.004861610000006471 0.0019886357944127434 -0.6975204193718033 -0.15142440981727703
Pu 2.7091699999999914 5.391891610074932 2.717530000000017 -0.24465439654403498 0.8598238344979587 -0.38996726915948443
Pu 5.375373510074957 2.7219800000000047 2.6800600000000117 0.3570161824917196 -0.7315218857923719 0.11024744581966728
O 1.3062599999999962 1.3665099999999812 1.3300399999999915 0.23388859471313145 -0.19269850919133694 -0.11946646882755348
O 4.032590000000018 1.344369999999999 1.3528299999999953 -0.0667432102439256 -0.2192422921717262 0.16504892883569938
O 1.3598799999999922 4.057949999999997 1.3748299999999878 -0.052753135410507225 0.09037636539295942 0.15798507623289287
O 4.050200000000013 4.022380000000013 1.305960000000007 0.06558397445339145 0.28878358205252375 0.038929621082034335
O 1.374719999999993 1.3571600000000026 3.992949999999997 -0.08826599089330463 -0.1752820784209181 0.3167235261361327
O 4.0745499999999915 1.4132799999999988 4.083359999999981 -0.04149581418489458 -0.421179173122782 -0.15304914530270872
O 1.3383099999999932 4.046729999999992 4.121480000000008 0.09317449862675396 0.036127160399209636 -0.4970431593455051
O 4.050070000000009 4.088630000000014 3.9846299999999903 -0.008839112122908322 -0.03958383971256408 0.40401407589270805

12
Lattice="5.406031193262289 0.0 0.0 0.0 5.406031193262289 0.0 0.0 0.0 5.40603119326229" Properties=species:S:1:pos:R:3:forces:R:3 energy=-146.24339531547957 pbc="T T T"
Pu 5.387814693262276 5.358977193262281 5.389747593262299 0.2292897014443463 1.0636419396193821 -0.048876182451921234
Pu 2.6700599999999883 2.7796199999999938 0.0346560999999995 0.3658134605895029 -1.338516371073053 -0.6713103201634376
Pu 2.72633000000001 5.400334633262277 2.621849999999984 -0.47325749991370075 0.8785991586892211 1.7508108721402353
Pu 0.007826089999990073 2.6545000000000063 2.736309999999993 -0.16150351138226035 0.02580758414005646 0.10602405233716046
O 1.4455999999999884 1.3597399999999837 1.3415700000000155 -0.4845885242015759 -0.01180015497357402 -0.21103495824572976
O 4.150099999999997 1.3779099999999906 1.289430000000014 -0.29119731629432866 -0.04223263865293463 0.2014559689819814
O 1.359059999999988 4.058480000000017 1.3884600000000102 -0.5336419354164343 -0.03207828641218409 -0.34979804636083256
O 4.009229999999989 4.088250000000014 1.4678099999999898 0.7185902849949505 -0.5254266062878498 -0.9535757309118358
O 1.3141600000000135 1.3429399999999931 4.018219999999993 -0.25479101662729303 -0.004104092347322023 0.35619395911890406
O 3.9478799999999885 1.346359999999983 4.029189999999993 0.628865242612535 -0.08559877967654153 -0.034843594838322785
O 1.2975300000000123 4.059970000000017 4.064129999999995 0.43943962586545343 -0.08857216534102046 0.02468815110166886
O 4.060050000000018 4.020579999999987 4.129079999999998 -0.18301851167119484 0.1602804123158198 -0.16973417070787034
